932
693
417
874
763
843
612
339
600
443
96
782
928
398
812
790
161
807
986
16
828
215
85
156
189
343
548
339
655
221
862
453
656
480
596
378
693
958
462
296
764
882
9
939
768
492
409
414
460
928
428
542
716
238
747
416
1001
847
89
222
848
320
299
777
14
130
805
873
898
313
5
131
114
554
833
385
794
324
270
67
755
675
478
796
993
78
993
981
663
345
820
365
576
205
331
452
538
261
271
297
24
834
657
878
911
106
637
410
729
335
646
659
731
616
310
468
328
601
29
63
977
88
836
692
501
984
442
656
516
737
415
394
325
761
49
464
467
32
209
376
297
173
239
803
543
647
645
119
844
843
777
8
913
93
31
26
217
980
9
454
486
741
877
655
678
140
623
693
418
974
185
560
622
79
140
825
592
791
279
114
333
560
168
131
147
176
815
461
72
666
910
867
70
309
346
357
365
511
904
215
540
207
150
483
585
468
913
30
513
239
922
156
356
936
43
727
506
300
294
687
185
657
373
709
837
499
248
705
470
649
272
597
216
927
196
729
37
730
322
222
999
21
477
252
494
466
932
80
185
225
785
803
42
885
903
380
339
952
76
48
296
442
885
877
38
930
845
495
482
426
136
537
277
212
954
264
224
406
910
692
578
861
397
831
677
951
527
752
579
10
296
269
817
640
405
448
233
82
357
424
433
516
937
99
823
49
907
443
987
47
540
752
512
992
493
723
284
70
435
887
898
842
947
496
316
73
203
463
13
232
948
520
366
895
674
884
711
807
148
763
446
960
142
292
199
788
510
144
766
919
678
917
190
668
547
500
279
31
516
717
761
989
641
99
514
939
965
986
1001
612
825
585
87
112
530
495
549
466
40
636
735
963
979
675
539
722
656
214
400
78
798
652
457
410
717
379
121
534
257
287
164
925
752
18
977
561
162
541
808
904
581
645
351
987
778
262
398
492
118
762
416
543
1001
440
157
941
933
954
813
286
118
432
399
285
40
298
728
509
400
216
940
366
247
578
519
607
24
440
238
218
950
868
885
837
719
114
378
574
828
616
452
658
314
950
37
342
417
236
304
710
70
979
824
874
167
305
13
521
471
212
28
259
639
299
770
545
376
572
736
640
969
977
729
934
538
667
82
273
437
491
476
860
749
417
420
527
333
167
737
750
509
349
481
203
921
274
115
156
910
460
240
350
731
246
425
233
796
903
412
68
666
89
742
431
653
496
290
180
994
341
162
493
87
554
887
423
89
358
956
970
486
392
409
934
673
465
634
415
84
221
65
601
895
189
151
441
252
794
275
697
769
540
278
705
173
68
770
156
310
778
456
98
182
437
25
357
358
139
525
663
625
436
508
335
111
860
290
722
369
421
501
328
262
309
850
496
707
338
38
285
196
123
865
445
422
273
542
508
281
515
120
64
451
242
656
3
706
579
134
260
110
875
901
496
456
679
846
636
583
111
532
553
237
586
483
804
450
332
259
423
674
576
523
526
131
601
97
125
488
309
560
701
947
743
543
224
592
595
883
289
377
561
706
602
572
632
772
399
974
60
841
857
601
684
803
278
568
622
509
990
464
995
369
811
114
698
346
112
95
739
542
148
211
931
98
988
880
593
820
287
646
924
12
872
475
191
235
622
179
872
440
250
891
500
896
422
93
262
981
346
328
757
781
617
980
438
103
236
656
559
801
332
2
721
121
396
997
687
65
949
820
109
515
88
972
887
22
391
954
791
184
94
391
321
771
864
332
398
702
307
850
441
300
216
280
812
979
199
202
647
89
72
691
144
681
587
73
167
598
628
391
731
802
739
716
550
70
160
670
516
415
713
403
820
192
184
50
865
989
118
110
811
824
571
801
431
75
875
284
853
673
385
36
518
63
348
239
356
519
747
375
992
505
712
612
538
23
480
510
216
549
210
31
529
452
343
379
501
899
460
115
862
566
886
602
211
533
642
431
670
533
728
199
892
699
82
814
963
477
744
534
722
825
742
199
460
912
498
195
338
383
788
732
610
403
141
90
446
89
550
223
838
274
137
697
607
392
351
621
198
817
696
910
955
767
694
278
139
395
885
368
137
970
225
11
229
237
526
895
197
623
607
71
431
943
382
689
845
218
498
367
388
416
658
421
516
629
112
581
978
753
35
546
98
198
781
382
382
62
415
703
9
821
560
269
582
650
767
666
776
652
180
78
598
643
573
847
490
797
70
218
306
23
257
535
379
625
364
843
657
280
670
35
975
994
882
940
401
234
772
332
181
754
902
898
596
551
106
1001
362
